0 0.341883 0.411549 0.027969 0.022181
0 0.192203 0.476847 0.015453 0.032250
0 0.273965 0.839493 0.085648 0.135764
0 0.239656 0.521167 0.040266 0.063167
0 0.307414 0.529340 0.047016 0.072653
0 0.180352 0.417056 0.015828 0.024667
0 0.192715 0.445007 0.021039 0.039708
0 0.345297 0.493056 0.039188 0.032778
0 0.190559 0.394556 0.019602 0.018667
0 0.231848 0.399063 0.014836 0.022653
0 0.253270 0.404160 0.030242 0.029875
0 0.829609 0.612778 0.071875 0.065278
0 0.986840 0.642083 0.025867 0.081944
0 0.633008 0.563472 0.052422 0.053333
0 0.382668 0.627444 0.050133 0.073778
0 0.337215 0.429583 0.025102 0.021111
0 0.663320 0.521965 0.051172 0.044931
0 0.423809 0.421604 0.037070 0.034319
0 0.507133 0.463813 0.040359 0.039292
0 0.860625 0.705833 0.102969 0.099722
0 0.853082 0.946597 0.107055 0.106806
0 0.295945 0.464840 0.042172 0.045986
0 0.569465 0.448667 0.037102 0.037583
0 0.561500 0.487833 0.042625 0.042389
0 0.597191 0.642458 0.068789 0.084306
0 0.433363 0.900194 0.104164 0.194861
