0 0.522008 0.661306 0.071312 0.110250
0 0.313668 0.425882 0.025633 0.025931
0 0.362734 0.438229 0.031875 0.031181
0 0.445500 0.463854 0.039391 0.042819
0 0.372777 0.408208 0.027539 0.028917
0 0.308449 0.402521 0.029820 0.028125
0 0.242609 0.408438 0.028844 0.027764
0 0.409402 0.675069 0.059086 0.112361
0 0.284801 0.688333 0.060633 0.115556
0 0.340656 0.544326 0.051359 0.059208
0 0.227320 0.453465 0.034625 0.040153
0 0.266719 0.586486 0.044844 0.075361
0 0.246949 0.909271 0.098727 0.157569
0 0.673398 0.960486 0.114656 0.079028
0 0.978391 0.608403 0.043219 0.175417
0 0.424879 0.540097 0.060867 0.081556
0 0.877773 0.645674 0.082687 0.071264
0 0.576258 0.483083 0.050875 0.052889
0 0.774734 0.870417 0.118641 0.148306
0 0.456187 0.604014 0.051344 0.077194
0 0.715336 0.513646 0.055375 0.059792
0 0.700340 0.598917 0.066695 0.071306
0 0.850840 0.694007 0.089523 0.083181
0 0.495965 0.545299 0.060977 0.068847
0 0.596961 0.462208 0.030234 0.038222
0 0.236578 0.521000 0.036391 0.053083
0 0.263793 0.485938 0.034602 0.043708
