0 0.425203 0.561160 0.050563 0.069625
0 0.331738 0.537903 0.041523 0.060528
0 0.363937 0.411090 0.022266 0.022792
0 0.571961 0.523875 0.044672 0.047250
0 0.778301 0.657549 0.081992 0.080375
0 0.344215 0.432604 0.027102 0.030125
0 0.389266 0.429472 0.028609 0.032111
0 0.506504 0.426681 0.101180 0.087944
0 0.320867 0.479375 0.038891 0.038806
0 0.276184 0.488972 0.038930 0.047278
0 0.372934 0.512618 0.044164 0.049069
0 0.625539 0.875646 0.116797 0.183014
0 0.565293 0.478840 0.051898 0.052153
0 0.249914 0.947722 0.103578 0.104556
0 0.301055 0.650069 0.051656 0.093056
0 0.469973 0.973944 0.100539 0.052111
0 0.803035 0.507708 0.068148 0.054583
0 0.681562 0.500611 0.051562 0.046778
0 0.257527 0.549931 0.039164 0.074583
0 0.964141 0.619521 0.071719 0.100958
0 0.650586 0.441667 0.124922 0.084722
0 0.709641 0.552882 0.060562 0.059931
0 0.820953 0.560194 0.066688 0.053444
