0 0.184258 0.387417 0.020203 0.021556
0 0.172883 0.396542 0.016578 0.019583
0 0.211922 0.400111 0.026141 0.036583
0 0.249375 0.397972 0.027297 0.019889
0 0.408484 0.435264 0.033062 0.029417
0 0.374371 0.441972 0.035164 0.032528
0 0.266203 0.483264 0.043547 0.052139
0 0.346484 0.489972 0.045000 0.054194
0 0.257785 0.546757 0.038898 0.043875
0 0.454773 0.518361 0.048484 0.059361
0 0.720168 0.604090 0.068102 0.080347
0 0.850078 0.562583 0.061766 0.078778
0 0.778258 0.561993 0.084734 0.095264
0 0.584551 0.527729 0.047305 0.045514
0 0.780254 0.423958 0.037617 0.044194
0 0.575605 0.480167 0.052039 0.051056
0 0.306184 0.413299 0.020102 0.019597
0 0.482504 0.469076 0.041492 0.043292
0 0.613797 0.470125 0.036000 0.047250
0 0.815500 0.928403 0.150953 0.143194
0 0.385223 0.626479 0.058148 0.094069
0 0.480645 0.437083 0.035117 0.036667
0 0.454531 0.588403 0.057187 0.073194
0 0.275078 0.601042 0.043125 0.073194
0 0.528711 0.724757 0.068359 0.099653
0 0.433293 0.938021 0.132289 0.123958
