0 0.737230 0.492535 0.050539 0.051847
0 0.747559 0.577972 0.068633 0.064361
0 0.733617 0.797514 0.116219 0.172750
0 0.544289 0.734674 0.073797 0.112597
0 0.293238 0.779382 0.072430 0.148208
0 0.260816 0.455514 0.033039 0.036083
0 0.260258 0.487375 0.035000 0.039583
0 0.372391 0.475687 0.037953 0.040097
0 0.431277 0.507882 0.047289 0.061292
0 0.332363 0.486674 0.039648 0.044736
0 0.251281 0.551090 0.040250 0.049458
0 0.300613 0.596910 0.041898 0.072986
0 0.508844 0.563889 0.054641 0.060556
0 0.401211 0.416500 0.036437 0.032000
0 0.290219 0.439458 0.039766 0.038333
0 0.322051 0.417250 0.041477 0.034167
0 0.292254 0.506646 0.039008 0.062097
0 0.328020 0.541375 0.038570 0.062972
0 0.433938 0.570257 0.027766 0.059375
0 0.388199 0.635375 0.077227 0.189417
0 0.919371 0.548479 0.068789 0.047681
0 0.913215 0.597986 0.082945 0.060972
0 0.897504 0.459375 0.070477 0.062639
