0 0.308668 0.521285 0.039961 0.057486
0 0.628617 0.510549 0.052250 0.047597
0 0.597602 0.826569 0.094047 0.139778
0 0.920125 0.652479 0.100234 0.104486
0 0.766156 0.640986 0.077375 0.088722
0 0.495207 0.627979 0.060680 0.100708
0 0.703383 0.503931 0.055266 0.063250
0 0.859398 0.931986 0.119953 0.136028
0 0.469023 0.421931 0.030922 0.024139
0 0.369398 0.592111 0.046719 0.067833
0 0.418168 0.435076 0.038414 0.037653
0 0.443824 0.502944 0.050008 0.066778
0 0.400527 0.679035 0.060039 0.111681
0 0.657918 0.697625 0.088586 0.116639
0 0.542539 0.506583 0.043047 0.047611
0 0.465918 0.446347 0.036633 0.045472
0 0.647336 0.567174 0.055484 0.061486
0 0.665594 0.968562 0.102500 0.062875
0 0.970922 0.847451 0.058156 0.146764
0 0.238434 0.922410 0.110383 0.155181
0 0.530965 0.583285 0.054008 0.061681
0 0.375391 0.520076 0.043484 0.050319
0 0.333031 0.482424 0.042734 0.044319
0 0.379328 0.480924 0.041609 0.040653
0 0.257273 0.481146 0.035562 0.042153
0 0.249664 0.447681 0.034141 0.029861
0 0.201660 0.448840 0.020305 0.035347
0 0.547969 0.464993 0.036719 0.036986
0 0.533949 0.449340 0.031492 0.036319
0 0.295945 0.421611 0.029859 0.031667
0 0.344129 0.423389 0.031367 0.029000
0 0.347957 0.403542 0.031227 0.024972
