0 0.236668 0.443319 0.033367 0.031917
0 0.270359 0.437076 0.034000 0.022208
0 0.700043 0.537701 0.057023 0.058625
0 0.736105 0.518403 0.052773 0.050639
0 0.285625 0.625569 0.053938 0.103528
0 0.616543 0.497646 0.051570 0.059653
0 0.552844 0.472118 0.052297 0.055625
0 0.231227 0.469861 0.032078 0.033611
0 0.289059 0.503799 0.033133 0.049764
0 0.475547 0.633403 0.054531 0.080417
0 0.438078 0.582187 0.048578 0.062819
0 0.464531 0.450389 0.036891 0.038361
0 0.516734 0.434875 0.045641 0.040083
0 0.555516 0.450924 0.042562 0.035347
0 0.662371 0.469500 0.046445 0.042611
0 0.328906 0.539986 0.040000 0.061917
0 0.623625 0.676424 0.074625 0.100069
0 0.779848 0.647417 0.087617 0.112056
0 0.840035 0.614271 0.073836 0.065347
0 0.261484 0.901354 0.117031 0.197292
0 0.990824 0.642319 0.018023 0.057972
0 0.543078 0.583688 0.056766 0.079431
0 0.463363 0.522986 0.057258 0.065167
0 0.378617 0.514771 0.043797 0.059264
0 0.386023 0.484542 0.037812 0.040417
0 0.406570 0.449285 0.027297 0.035097
0 0.371574 0.440701 0.025914 0.030875
0 0.324410 0.445076 0.042555 0.047319
0 0.275375 0.463215 0.039734 0.034486
