0 0.282738 0.784903 0.078508 0.163972
0 0.936516 0.692208 0.085641 0.076556
0 0.979398 0.580125 0.041125 0.071694
0 0.447281 0.573403 0.053781 0.065833
0 0.610254 0.474090 0.050336 0.051625
0 0.397578 0.657521 0.069687 0.137236
0 0.929129 0.608486 0.083602 0.075306
0 0.676910 0.580743 0.062211 0.066819
0 0.522504 0.693181 0.066523 0.116250
0 0.682719 0.721694 0.086203 0.128083
0 0.811191 0.676153 0.085023 0.082917
0 0.888293 0.962799 0.142945 0.074403
0 0.676137 0.962576 0.105680 0.074847
0 0.663152 0.470861 0.043758 0.041722
0 0.589012 0.533285 0.044008 0.048931
0 0.545902 0.583208 0.069180 0.101778
0 0.499945 0.482729 0.048359 0.048319
0 0.536871 0.438243 0.039367 0.031986
0 0.471734 0.425910 0.046297 0.047986
0 0.286332 0.631215 0.043336 0.075847
0 0.274512 0.589958 0.037305 0.054750
0 0.329121 0.546340 0.042680 0.061931
0 0.342910 0.495757 0.045867 0.051625
0 0.445102 0.468396 0.037859 0.034319
0 0.390289 0.441208 0.033531 0.037694
0 0.235664 0.522958 0.034547 0.051611
0 0.200941 0.477799 0.030195 0.046458
0 0.240164 0.469187 0.035141 0.038375
0 0.264305 0.453007 0.040500 0.037125
0 0.377816 0.418271 0.027180 0.039569
0 0.313898 0.418986 0.031891 0.030361
0 0.263328 0.411076 0.025094 0.027014
0 0.235039 0.401562 0.030250 0.032486
