0 0.836410 0.690896 0.087664 0.081514
0 0.555629 0.460847 0.035242 0.038972
0 0.502848 0.649896 0.069930 0.107847
0 0.282715 0.654243 0.056102 0.096819
0 0.560449 0.776597 0.079336 0.115694
0 0.428098 0.946389 0.121508 0.107222
0 0.765852 0.604361 0.068687 0.071500
0 0.826000 0.553174 0.071688 0.071042
0 0.322922 0.527500 0.046656 0.071111
0 0.244426 0.468882 0.036305 0.045958
0 0.460996 0.471500 0.039258 0.038111
0 0.391043 0.431069 0.032242 0.029167
0 0.347625 0.438125 0.028031 0.021806
0 0.486848 0.459049 0.031273 0.031681
0 0.222082 0.934444 0.117070 0.131111
0 0.262988 0.545375 0.041727 0.055194
0 0.314934 0.478403 0.044227 0.030250
0 0.384102 0.484014 0.043578 0.041472
0 0.971715 0.720146 0.056570 0.090181
0 0.615625 0.504174 0.050547 0.048042
0 0.631762 0.475951 0.051352 0.036819
0 0.623180 0.451444 0.048813 0.037278
0 0.322375 0.421458 0.029797 0.027333
0 0.304418 0.406125 0.027305 0.025139
0 0.272977 0.408340 0.025156 0.024292
0 0.199766 0.395007 0.024687 0.017208
0 0.213984 0.391937 0.013203 0.015264
