0 0.378523 0.616062 0.057687 0.088292
0 0.236793 0.533229 0.037633 0.045986
0 0.274559 0.489931 0.036883 0.036139
0 0.307395 0.468229 0.038883 0.034569
0 0.597148 0.467271 0.034484 0.046042
0 0.398809 0.446799 0.036445 0.026458
0 0.426738 0.434965 0.040273 0.039375
0 0.318953 0.408903 0.025469 0.019444
0 0.267160 0.407986 0.022602 0.017361
0 0.240805 0.410722 0.022281 0.021222
0 0.188590 0.397882 0.026242 0.026208
0 0.814422 0.519597 0.059906 0.057917
0 0.271941 0.832722 0.080508 0.161889
0 0.686523 0.742688 0.090188 0.116347
0 0.497332 0.481389 0.042758 0.038750
0 0.555156 0.468056 0.055781 0.056389
0 0.635016 0.559924 0.055750 0.051931
0 0.325953 0.424792 0.034031 0.029583
0 0.968047 0.701111 0.063906 0.100000
0 0.462691 0.950951 0.114289 0.098097
0 0.274930 0.703535 0.060922 0.092347
0 0.759563 0.407326 0.030719 0.046458
0 0.608117 0.886833 0.110719 0.176611
0 0.770563 0.572299 0.065344 0.074014
0 0.772852 0.655674 0.078312 0.084958
0 0.478395 0.612403 0.062680 0.086361
