0 0.491508 0.462472 0.038531 0.040222
0 0.447813 0.457743 0.046500 0.048264
0 0.440617 0.581764 0.052109 0.067083
0 0.353422 0.465382 0.048797 0.066292
0 0.286562 0.596806 0.073438 0.168889
0 0.341406 0.544306 0.041250 0.061111
0 0.249531 0.515278 0.044531 0.068333
0 0.722949 0.549326 0.064523 0.070153
0 0.594648 0.530201 0.046797 0.057625
0 0.838270 0.622174 0.089242 0.080875
0 0.500250 0.556479 0.065250 0.073042
0 0.532348 0.676451 0.070008 0.108764
0 0.625375 0.499549 0.050812 0.053181
0 0.971992 0.727514 0.056016 0.105111
0 0.834684 0.550069 0.082055 0.073611
0 0.515250 0.442250 0.045297 0.043944
0 0.431926 0.425250 0.033680 0.027361
0 0.364684 0.436326 0.036367 0.031319
0 0.386613 0.428500 0.015742 0.017667
0 0.325020 0.419583 0.028852 0.027667
0 0.286652 0.406028 0.026586 0.026778
0 0.255066 0.460715 0.031102 0.029958
0 0.243996 0.430382 0.039898 0.041931
