0 0.438574 0.443132 0.033555 0.031986
0 0.364324 0.421438 0.013852 0.023514
0 0.221621 0.426701 0.033398 0.024792
0 0.502387 0.554028 0.049195 0.056472
0 0.866848 0.720812 0.096039 0.097514
0 0.219129 0.403660 0.028102 0.023208
0 0.452051 0.959375 0.116789 0.081250
0 0.393875 0.691528 0.063844 0.093444
0 0.733535 0.622708 0.067461 0.066250
0 0.745551 0.560701 0.055695 0.055542
0 0.774090 0.539840 0.052289 0.039958
0 0.620637 0.551111 0.052273 0.054444
0 0.654965 0.518639 0.051008 0.038944
0 0.663230 0.493993 0.047602 0.033347
0 0.561031 0.510750 0.049031 0.049889
0 0.267645 0.540417 0.039508 0.063333
0 0.287031 0.502646 0.038437 0.043875
0 0.207531 0.486493 0.035719 0.055625
0 0.242344 0.466326 0.037344 0.049708
0 0.368129 0.509958 0.045664 0.053972
0 0.428480 0.504611 0.043914 0.051306
0 0.507020 0.443958 0.119930 0.132083
0 0.347477 0.431271 0.032625 0.031236
