0 0.455695 0.903681 0.092703 0.161528
0 0.250082 0.478917 0.033492 0.035389
0 0.608973 0.542056 0.053289 0.049833
0 0.251887 0.526701 0.040805 0.064347
0 0.857730 0.698028 0.109961 0.122722
0 0.638395 0.480444 0.054211 0.051111
0 0.362680 0.496236 0.049281 0.058611
0 0.570867 0.790271 0.083188 0.128625
0 0.524570 0.574188 0.058484 0.083153
0 0.468223 0.603785 0.054836 0.083986
0 0.284422 0.641201 0.052594 0.081181
0 0.261910 0.433208 0.038086 0.038000
0 0.423672 0.449708 0.036875 0.043167
0 0.455828 0.523382 0.058188 0.055653
0 0.648043 0.704229 0.088211 0.094958
