0 0.625781 0.715215 0.085156 0.082319
0 0.255816 0.910243 0.107273 0.169653
0 0.951813 0.792604 0.096375 0.142403
0 0.320371 0.417493 0.022383 0.030125
0 0.353434 0.412326 0.029164 0.028514
0 0.468301 0.607153 0.072898 0.089583
0 0.292922 0.445674 0.035609 0.036653
0 0.478746 0.419514 0.038633 0.035222
0 0.430098 0.459215 0.038820 0.037792
0 0.381773 0.432264 0.031922 0.030361
0 0.352617 0.560757 0.046953 0.065903
0 0.505691 0.461486 0.038602 0.048694
0 0.585719 0.452569 0.037859 0.033667
0 0.785848 0.865229 0.140258 0.178514
0 0.451051 0.442583 0.026367 0.033583
0 0.921516 0.652417 0.084719 0.080361
0 0.397449 0.660535 0.056680 0.097542
0 0.442207 0.904639 0.089227 0.154444
0 0.245082 0.473174 0.038367 0.047181
0 0.352363 0.495958 0.041711 0.044694
0 0.692977 0.541271 0.051578 0.051153
0 0.276133 0.578208 0.043969 0.064583
0 0.600938 0.830812 0.092703 0.139486
