0 0.614242 0.882687 0.106219 0.175319
0 0.280613 0.565167 0.040742 0.066167
0 0.398895 0.546979 0.050148 0.056764
0 0.420043 0.457111 0.032258 0.032194
0 0.766922 0.423715 0.042797 0.040569
0 0.401098 0.688333 0.064242 0.118333
0 0.355590 0.431826 0.037633 0.042375
0 0.386324 0.433444 0.026258 0.027528
0 0.316824 0.419840 0.034164 0.037097
0 0.347832 0.409014 0.030383 0.037833
0 0.233457 0.426326 0.032398 0.033708
0 0.204336 0.433958 0.028516 0.028806
0 0.255812 0.402424 0.028516 0.028514
0 0.318684 0.453396 0.039039 0.039569
0 0.868816 0.635861 0.091570 0.079889
0 0.926281 0.758403 0.104734 0.110667
0 0.369066 0.482083 0.031398 0.042333
0 0.228242 0.468042 0.038203 0.038583
0 0.491859 0.457326 0.040406 0.038819
0 0.658488 0.492062 0.056180 0.048375
0 0.290965 0.647417 0.052742 0.091278
0 0.479781 0.634424 0.055687 0.076236
0 0.754094 0.628361 0.072312 0.075556
