0 0.561406 0.479986 0.049437 0.049583
0 0.716406 0.551535 0.056250 0.052597
0 0.297867 0.640493 0.054438 0.099292
0 0.856465 0.564299 0.085164 0.081875
0 0.224254 0.972431 0.103164 0.055139
0 0.336340 0.458604 0.036430 0.039708
0 0.693531 0.786701 0.098250 0.130597
0 0.248266 0.538361 0.041328 0.054861
0 0.465883 0.451951 0.039703 0.041125
0 0.434516 0.898674 0.086375 0.153208
0 0.560309 0.592299 0.066883 0.079347
0 0.920703 0.649424 0.095469 0.083375
0 0.389586 0.431028 0.030578 0.032389
0 0.355441 0.412333 0.027289 0.025833
0 0.227355 0.458160 0.034977 0.047681
0 0.403652 0.414778 0.031430 0.029667
0 0.195926 0.423326 0.030492 0.036403
0 0.247766 0.406299 0.029406 0.028625
0 0.272270 0.405000 0.022992 0.023444
0 0.357973 0.564174 0.052273 0.070458
0 0.662543 0.578417 0.058930 0.062250
