0 0.448035 0.416389 0.035133 0.032111
0 0.509184 0.469125 0.033383 0.035111
0 0.766973 0.401451 0.040117 0.047375
0 0.616355 0.887819 0.106820 0.161028
0 0.303367 0.477458 0.037891 0.043361
0 0.512813 0.572597 0.057484 0.062667
0 0.386977 0.797729 0.072719 0.127458
0 0.345051 0.419729 0.032273 0.038736
0 0.418301 0.441722 0.034258 0.035667
0 0.622039 0.508417 0.051281 0.051472
0 0.251941 0.508181 0.040055 0.048833
0 0.252840 0.547486 0.042570 0.050944
0 0.325047 0.531500 0.043438 0.067778
0 0.319684 0.409944 0.026086 0.025833
