0 0.713492 0.787757 0.127500 0.153431
0 0.362375 0.514535 0.038375 0.051486
0 0.347297 0.425667 0.030484 0.032528
0 0.592016 0.466562 0.047047 0.047319
0 0.312242 0.659299 0.067625 0.131292
0 0.222277 0.855160 0.183680 0.289681
0 0.953641 0.820389 0.092719 0.133194
0 0.368344 0.408632 0.033672 0.032514
0 0.532762 0.468667 0.043805 0.045667
0 0.664992 0.952125 0.113609 0.095750
0 0.456684 0.581465 0.061508 0.101514
0 0.781094 0.584319 0.066859 0.066389
0 0.731891 0.507889 0.062844 0.065972
0 0.449723 0.815910 0.076273 0.148903
0 0.426055 0.461931 0.033625 0.037028
0 0.231855 0.403375 0.024992 0.027528
0 0.385672 0.479083 0.051016 0.059611
0 0.672164 0.531056 0.054641 0.048806
0 0.602324 0.498889 0.052258 0.047167
0 0.960289 0.707549 0.078266 0.081458
0 0.815746 0.676625 0.083195 0.087361
0 0.459805 0.445875 0.038391 0.039694
0 0.299723 0.417451 0.036164 0.038125
0 0.287934 0.506035 0.038727 0.039347
0 0.219703 0.491361 0.039109 0.056000
