0 0.409973 0.721882 0.066820 0.101208
0 0.378488 0.608583 0.049617 0.075139
0 0.424945 0.559458 0.048891 0.062889
0 0.521648 0.661660 0.068828 0.103236
0 0.958012 0.606264 0.083211 0.085917
0 0.342281 0.502000 0.056766 0.054556
0 0.381172 0.478049 0.045000 0.053264
0 0.962465 0.824132 0.074773 0.129097
0 0.323422 0.454792 0.045031 0.038750
0 0.232992 0.509632 0.040422 0.062181
0 0.259035 0.440542 0.036539 0.060806
0 0.278355 0.745153 0.064164 0.112833
0 0.646457 0.556507 0.066570 0.068042
0 0.637160 0.488771 0.046289 0.046208
0 0.461785 0.529722 0.053258 0.055194
