0 0.193332 0.419382 0.031492 0.033319
0 0.255809 0.455632 0.036930 0.041653
0 0.549574 0.451931 0.046789 0.046361
0 0.742316 0.527778 0.052867 0.051667
0 0.335141 0.493056 0.041094 0.038778
0 0.405246 0.431451 0.036539 0.032347
0 0.538504 0.498903 0.050336 0.047306
0 0.474266 0.456056 0.038266 0.034889
0 0.516539 0.651958 0.073109 0.111361
0 0.707508 0.552993 0.057969 0.064014
0 0.307297 0.514056 0.040703 0.069861
0 0.622848 0.553097 0.059305 0.059139
0 0.424402 0.550479 0.049633 0.066903
0 0.236688 0.397993 0.025625 0.030403
0 0.228816 0.505118 0.035805 0.055319
