0 0.256574 0.496722 0.036555 0.049972
0 0.602441 0.467500 0.045742 0.045389
0 0.565078 0.488333 0.044687 0.046944
0 0.230086 0.465799 0.035297 0.038736
0 0.388734 0.657187 0.057125 0.087431
0 0.501863 0.645306 0.072555 0.115222
0 0.429234 0.806597 0.077562 0.135972
0 0.681949 0.533778 0.059617 0.060306
0 0.587625 0.797910 0.099641 0.160236
0 0.286328 0.607417 0.045109 0.068000
0 0.852652 0.615389 0.092055 0.094611
0 0.358891 0.578153 0.046625 0.067972
0 0.420348 0.505139 0.047727 0.056278
0 0.436781 0.439563 0.034469 0.031431
0 0.538391 0.456174 0.046906 0.038375
0 0.340074 0.460319 0.037633 0.041528
0 0.347445 0.407243 0.028625 0.033153
0 0.376941 0.435771 0.033398 0.033931
