0 0.660516 0.742597 0.086188 0.105583
0 0.415953 0.747694 0.068266 0.103667
0 0.279090 0.870111 0.088211 0.147667
0 0.845543 0.524062 0.068461 0.065486
0 0.718344 0.540882 0.073031 0.067514
0 0.232094 0.517097 0.037906 0.050528
0 0.578508 0.466049 0.068984 0.088236
0 0.289543 0.495014 0.037398 0.052667
0 0.457297 0.595076 0.055563 0.076264
0 0.468277 0.448972 0.036086 0.036833
0 0.280098 0.598479 0.049961 0.089514
0 0.442309 0.513250 0.047414 0.050389
0 0.593148 0.530667 0.048641 0.055333
0 0.629379 0.457285 0.041195 0.037903
0 0.714508 0.608632 0.065672 0.062819
0 0.392285 0.417792 0.028117 0.028361
0 0.353293 0.435812 0.030367 0.027653
0 0.372789 0.407986 0.029609 0.029333
0 0.306688 0.472646 0.037141 0.033903
0 0.229402 0.443194 0.034633 0.044611
0 0.204184 0.483097 0.027352 0.040639
