0 0.239875 0.919681 0.118000 0.160639
0 0.956172 0.813167 0.087656 0.138111
0 0.749211 0.526139 0.195625 0.215056
0 0.445586 0.868222 0.084953 0.159167
0 0.608730 0.498618 0.047805 0.045208
0 0.524309 0.491000 0.045133 0.057861
0 0.498488 0.659042 0.064430 0.107417
0 0.374027 0.601187 0.057102 0.090319
0 0.505832 0.460861 0.049383 0.048556
0 0.686875 0.776965 0.101938 0.159264
0 0.305914 0.523139 0.041125 0.055889
0 0.953500 0.686111 0.092219 0.092750
0 0.810363 0.663208 0.083461 0.094139
0 0.515762 0.571139 0.055461 0.074944
0 0.229480 0.440375 0.032805 0.040778
0 0.384949 0.438049 0.041227 0.041292
0 0.318113 0.455299 0.034680 0.033319
0 0.260660 0.434312 0.026992 0.029319
