0 0.365945 0.429625 0.029953 0.027861
0 0.295617 0.395625 0.027859 0.025917
0 0.228371 0.400819 0.026352 0.029444
0 0.215074 0.434507 0.032867 0.041486
0 0.456344 0.449875 0.035422 0.038194
0 0.296055 0.415771 0.033000 0.024319
0 0.732664 0.832139 0.115547 0.150556
0 0.843168 0.624882 0.087633 0.078931
0 0.413992 0.682986 0.066219 0.110056
0 0.705297 0.540514 0.059641 0.063611
0 0.277793 0.760514 0.069711 0.109167
0 0.273016 0.451354 0.035500 0.037903
0 0.427449 0.569979 0.049258 0.063153
0 0.302187 0.642799 0.047656 0.066903
